Filename: C:\Users\kjerram\Downloads\0021_20260420_234309.kmall

0: # 
1: F 
2: C 
3: F 
Number of datagrams: 1 
Datagram part number: 1 

Number of bytes common part: 72 
File status: 0 
File size: 36380 
File name: Calib124.txt 

Backscatter calibration file: # Updated EM 124 beam pattern calib file made
# 15-Dec-2018
#
# 7# Parameters: 
# Survey ID(SID)=Unknown
# PUversionUsed(PSV)=1.0.02018-12-14
# Serial no=0
# Calibration date=15-Dec-2018 21:48:37
# Sound velocity(m/s)=1540.55
# Average BS found(dB)=-22.0542
# Average BS used(dB)=-22.0542
#
#
# For each TX sector there will be: 
# - A line with 3 numbers (Mode ID, Swath ID and Number of TX sectrors)
# 
# - A number (N) specifying number of calibration pairs
#  
# - N pairs of data (angle in degrees and BS offset in dB)
#  
#  
# NB! A new calib file must use the same angles as
# used in this default calib file
# Only the dB offset values may be changed
# 
# Calibration table:
# 
# Shallow - single swath   Mode, Swath, nTX sectors:
2   0   4
# TX sector 1:
48
83 -1.79
82 -1.79
81 -1.79
80 -1.79
79 -1.79
78 -1.79
77 -1.79
76 -1.79
75 -1.79
74 -1.79
73 -1.79
72 -1.79
71 -1.79
70 -1.79
69 -1.79
68 -1.79
67 -1.79
66 -1.79
65 -1.79
64 -1.79
63 -1.79
62 -2.27
61 -2.40
60 -2.50
59 -2.65
58 -2.90
57 -3.07
56 -3.31
55 -3.61
54 -3.97
53 -4.33
52 -4.79
51 -5.44
50 -5.96
49 -6.58
48 -7.23
47 -7.59
46 -7.59
45 -7.59
44 -7.59
43 -7.59
42 -7.59
41 -7.59
40 -7.59
39 -7.59
38 -7.59
37 -7.59
36 -7.59
# TX sector 2:
70
59 -3.05
58 -3.05
57 -3.05
56 -3.05
55 -3.05
54 -3.05
53 -3.05
52 -3.05
51 -3.05
50 -3.05
49 -3.05
48 -3.05
47 -3.05
46 -3.07
45 -2.94
44 -2.95
43 -2.81
42 -2.73
41 -2.57
40 -2.56
39 -2.41
38 -2.30
37 -2.38
36 -2.17
35 -1.96
34 -1.87
33 -1.73
32 -1.48
31 -1.19
30 -1.16
29 -0.85
28 -0.61
27 -0.65
26 -0.40
25 -0.38
24 -0.25
23 -0.07
22 0.39
21 0.37
20 0.61
19 0.99
18 1.45
17 1.58
16 2.39
15 2.68
14 2.97
13 3.36
12 3.93
11 3.87
10 4.24
9 4.28
8 3.36
7 2.91
6 2.91
5 2.91
4 2.91
3 2.91
2 2.91
1 2.91
0 2.91
-1 2.91
-2 2.91
-3 2.91
-4 2.91
-5 2.91
-6 2.91
-7 2.91
-8 2.91
-9 2.91
-10 2.91
# TX sector 3:
70
9 -0.66
8 -0.66
7 -0.66
6 -0.66
5 -0.66
4 -0.66
3 -0.66
2 -0.66
1 -0.66
0 -0.66
-1 -0.66
-2 -0.66
-3 -0.66
-4 -0.66
-5 -0.66
-6 -0.66
-7 -0.66
-8 0.44
-9 1.27
-10 1.09
-11 1.18
-12 1.14
-13 0.68
-14 0.10
-15 -0.48
-16 -0.76
-17 -1.27
-18 -1.70
-19 -1.97
-20 -1.98
-21 -2.22
-22 -2.24
-23 -2.68
-24 -3.05
-25 -3.18
-26 -3.22
-27 -3.32
-28 -3.61
-29 -3.87
-30 -3.94
-31 -4.20
-32 -4.47
-33 -4.62
-34 -4.91
-35 -5.13
-36 -5.07
-37 -5.40
-38 -5.52
-39 -5.62
-40 -5.77
-41 -6.00
-42 -6.02
-43 -6.05
-44 -6.13
-45 -6.13
-46 -6.13
-47 -6.13
-48 -6.13
-49 -6.13
-50 -6.13
-51 -6.13
-52 -6.13
-53 -6.13
-54 -6.13
-55 -6.13
-56 -6.13
-57 -6.13
-58 -6.13
-59 -6.13
-60 -6.13
# TX sector 4:
44
-39 -11.37
-40 -11.37
-41 -11.37
-42 -11.37
-43 -11.37
-44 -11.37
-45 -10.53
-46 -9.32
-47 -8.21
-48 -7.21
-49 -6.32
-50 -5.88
-51 -5.32
-52 -4.84
-53 -4.48
-54 -3.95
-55 -3.65
-56 -3.36
-57 -3.04
-58 -2.71
-59 -2.64
-60 -2.61
-61 -2.43
-62 -2.33
-63 -2.27
-64 -2.24
-65 -1.90
-66 -1.39
-67 -1.17
-68 -1.03
-69 -1.03
-70 -1.03
-71 -1.03
-72 -1.03
-73 -1.03
-74 -1.03
-75 -1.03
-76 -1.03
-77 -1.03
-78 -1.03
-79 -1.03
-80 -1.03
-81 -1.03
-82 -1.03
# Shallow - Dual swath 1   Mode, Swath, nTX sectors:
2   1   4
# TX sector 1:
48
83 1.17
82 1.17
81 1.17
80 1.17
79 1.17
78 1.17
77 1.17
76 1.17
75 1.17
74 1.17
73 1.17
72 1.17
71 1.17
70 1.17
69 1.17
68 0.61
67 -0.15
66 -0.38
65 -0.60
64 -1.04
63 -1.37
62 -1.32
61 -2.46
60 -2.66
59 -2.89
58 -2.90
57 -3.05
56 -3.34
55 -3.62
54 -4.06
53 -4.50
52 -4.95
51 -5.55
50 -6.15
49 -6.71
48 -5.92
47 -5.38
46 -5.38
45 -5.38
44 -5.38
43 -5.38
42 -5.38
41 -5.38
40 -5.38
39 -5.38
38 -5.38
37 -5.38
36 -5.38
# TX sector 2:
70
62 -1.61
61 -1.61
60 -1.61
59 -1.61
58 -1.61
57 -1.61
56 -1.61
55 -1.61
54 -1.61
53 -1.61
52 -1.61
51 -1.61
50 -1.61
49 -1.61
48 -1.61
47 -1.61
46 -0.73
45 -1.16
44 -1.61
43 -1.52
42 -1.29
41 -1.06
40 -1.18
39 -0.97
38 -0.93
37 -0.87
36 -0.70
35 -0.61
34 -0.56
33 -0.31
32 -0.13
31 0.10
30 0.19
29 0.47
28 0.57
27 0.96
26 1.05
25 1.31
24 1.88
23 1.86
22 3.24
21 3.60
20 3.40
19 3.28
18 3.93
17 3.34
16 3.34
15 4.40
14 4.79
13 5.34
12 6.03
11 6.17
10 6.19
9 6.32
8 6.05
7 5.63
6 5.63
5 5.63
4 5.63
3 5.63
2 5.63
1 5.63
0 5.63
-1 5.63
-2 5.63
-3 5.63
-4 5.63
-5 5.63
-6 5.63
-7 5.63
# TX sector 3:
70
8 5.89
7 5.89
6 5.89
5 5.89
4 5.89
3 5.89
2 5.89
1 5.89
0 5.89
-1 5.89
-2 5.89
-3 5.89
-4 5.89
-5 5.89
-6 5.89
-7 5.89
-8 5.87
-9 5.60
-10 5.52
-11 5.42
-12 5.05
-13 4.38
-14 4.76
-15 4.54
-16 4.06
-17 4.08
-18 4.61
-19 3.60
-20 2.84
-21 2.92
-22 1.92
-23 1.86
-24 1.86
-25 0.78
-26 0.62
-27 0.23
-28 -0.16
-29 -0.27
-30 -0.23
-31 -0.71
-32 -0.99
-33 -0.84
-34 -1.54
-35 -1.47
-36 -2.00
-37 -1.99
-38 -2.42
-39 -2.14
-40 -2.89
-41 -2.78
-42 -3.04
-43 -3.23
-44 -3.01
-45 -3.01
-46 -3.01
-47 -3.01
-48 -3.01
-49 -3.01
-50 -3.01
-51 -3.01
-52 -3.01
-53 -3.01
-54 -3.01
-55 -3.01
-56 -3.01
-57 -3.01
-58 -3.01
-59 -3.01
-60 -3.01
-61 -3.01
# TX sector 4:
44
-39 -8.17
-40 -8.17
-41 -8.17
-42 -8.17
-43 -8.17
-44 -8.17
-45 -8.09
-46 -7.50
-47 -7.28
-48 -6.75
-49 -5.96
-50 -5.41
-51 -4.96
-52 -4.29
-53 -3.83
-54 -3.56
-55 -3.49
-56 -3.21
-57 -3.16
-58 -2.67
-59 -2.54
-60 -2.28
-61 -2.16
-62 -2.15
-63 -1.98
-64 -1.50
-65 -1.29
-66 -0.83
-67 -0.23
-68 0.43
-69 1.07
-70 2.03
-71 2.03
-72 2.03
-73 2.03
-74 2.03
-75 2.03
-76 2.03
-77 2.03
-78 2.03
-79 2.03
-80 2.03
-81 2.03
-82 2.03
# Shallow - Dual swath 2   Mode, Swath, nTX sectors:
2   2   4
# TX sector 1:
46
82 1.03
81 1.03
80 1.03
79 1.03
78 1.03
77 1.03
76 1.03
75 1.03
74 1.03
73 1.03
72 1.03
71 0.01
70 -0.18
69 -0.93
68 -1.00
67 -1.36
66 -1.86
65 -1.94
64 -2.08
63 -2.34
62 -2.48
61 -3.43
60 -3.60
59 -3.73
58 -3.52
57 -2.70
56 -4.35
55 -4.97
54 -5.07
53 -5.62
52 -6.23
51 -6.68
50 -7.04
49 -7.88
48 -8.39
47 -9.11
46 -9.11
45 -9.11
44 -9.11
43 -9.11
42 -9.11
41 -9.11
40 -9.11
39 -9.11
38 -9.11
37 -9.11
# TX sector 2:
70
60 -5.65
59 -5.65
58 -5.65
57 -5.65
56 -5.65
55 -5.65
54 -5.65
53 -5.65
52 -5.65
51 -5.65
50 -5.65
49 -5.65
48 -5.65
47 -5.65
46 -5.92
45 -5.87
44 -5.80
43 -5.27
42 -5.20
41 -5.23
40 -4.89
39 -4.77
38 -4.62
37 -4.44
36 -4.33
35 -4.15
34 -3.70
33 -3.76
32 -3.60
31 -3.17
30 -2.87
29 -2.64
28 -2.69
27 -2.23
26 -2.28
25 -2.19
24 -1.63
23 -1.32
22 -0.99
21 -0.41
20 -0.74
19 -0.54
18 -0.13
17 0.35
16 0.91
15 0.94
14 1.16
13 2.17
12 2.32
11 2.01
10 2.13
9 2.30
8 1.94
7 1.28
6 1.28
5 1.28
4 1.28
3 1.28
2 1.28
1 1.28
0 1.28
-1 1.28
-2 1.28
-3 1.28
-4 1.28
-5 1.28
-6 1.28
-7 1.28
-8 1.28
-9 1.28
# TX sector 3:
74
8 0.43
7 0.43
6 0.43
5 0.43
4 0.43
3 0.43
2 0.43
1 0.43
0 0.43
-1 0.43
-2 0.43
-3 0.43
-4 0.43
-5 0.43
-6 0.43
-7 0.43
-8 1.06
-9 1.47
-10 1.41
-11 1.04
-12 0.88
-13 0.12
-14 -0.31
-15 -0.56
-16 -0.64
-17 -1.32
-18 -1.47
-19 -1.92
-20 -2.37
-21 -2.59
-22 -3.21
-23 -3.38
-24 -4.09
-25 -4.03
-26 -4.18
-27 -4.41
-28 -4.87
-29 -5.10
-30 -5.43
-31 -5.49
-32 -5.93
-33 -6.17
-34 -6.45
-35 -6.51
-36 -6.79
-37 -6.66
-38 -6.82
-39 -7.08
-40 -7.07
-41 -7.32
-42 -7.67
-43 -7.51
-44 -7.67
-45 -7.67
-46 -7.67
-47 -7.67
-48 -7.67
-49 -7.67
-50 -7.67
-51 -7.67
-52 -7.67
-53 -7.67
-54 -7.67
-55 -7.67
-56 -7.67
-57 -7.67
-58 -7.67
-59 -7.67
-60 -7.67
-61 -7.67
-62 -7.67
-63 -7.67
-64 -7.67
-65 -7.67
# TX sector 4:
44
-39 -10.91
-40 -10.91
-41 -10.91
-42 -10.91
-43 -10.91
-44 -10.91
-45 -10.32
-46 -9.81
-47 -8.58
-48 -8.50
-49 -7.82
-50 -7.18
-51 -5.97
-52 -6.31
-53 -5.62
-54 -5.30
-55 -4.89
-56 -4.72
-57 -4.40
-58 -4.18
-59 -3.95
-60 -3.26
-61 -3.36
-62 -3.22
-63 -3.25
-64 -2.97
-65 -2.99
-66 -2.76
-67 -2.57
-68 -2.08
-69 -1.56
-70 -1.56
-71 -1.56
-72 -1.56
-73 -1.56
-74 -1.56
-75 -1.56
-76 -1.56
-77 -1.56
-78 -1.56
-79 -1.56
-80 -1.56
-81 -1.56
-82 -1.56
# Medium - single swath   Mode, Swath, nTX sectors:
3   0   4
# TX sector 1:
48
83 3.02
82 3.02
81 3.02
80 3.02
79 3.02
78 3.02
77 3.02
76 3.02
75 3.02
74 3.02
73 3.02
72 3.02
71 2.65
70 1.89
69 1.35
68 0.84
67 0.25
66 -0.07
65 -0.55
64 -0.75
63 -0.87
62 -1.04
61 -1.09
60 -1.18
59 -1.32
58 -1.51
57 -1.77
56 -1.80
55 -2.30
54 -2.60
53 -3.05
52 -3.45
51 -3.90
50 -4.71
49 -5.08
48 -5.75
47 -5.98
46 -5.91
45 -5.91
44 -5.91
43 -5.91
42 -5.91
41 -5.91
40 -5.91
39 -5.91
38 -5.91
37 -5.91
36 -5.91
# TX sector 2:
70
59 -1.41
58 -1.41
57 -1.41
56 -1.41
55 -1.41
54 -1.41
53 -1.41
52 -1.41
51 -1.41
50 -1.41
49 -1.41
48 -1.41
47 -1.41
46 -1.31
45 -1.14
44 -1.35
43 -1.20
42 -1.21
41 -0.94
40 -0.73
39 -1.00
38 -0.67
37 -0.41
36 -0.46
35 -0.26
34 -0.11
33 0.10
32 0.25
31 0.35
30 0.74
29 0.59
28 0.80
27 1.37
26 1.25
25 1.30
24 2.12
23 2.17
22 2.07
21 2.53
20 2.62
19 2.68
18 2.91
17 3.66
16 4.02
15 4.33
14 4.62
13 4.53
12 5.68
11 6.12
10 6.25
9 5.78
8 4.70
7 4.65
6 4.65
5 4.65
4 4.65
3 4.65
2 4.65
1 4.65
0 4.65
-1 4.65
-2 4.65
-3 4.65
-4 4.65
-5 4.65
-6 4.65
-7 4.65
-8 4.65
-9 4.65
-10 4.65
# TX sector 3:
70
9 3.35
8 3.35
7 3.35
6 3.35
5 3.35
4 3.35
3 3.35
2 3.35
1 3.35
0 3.35
-1 3.35
-2 3.35
-3 3.35
-4 3.35
-5 3.35
-6 3.35
-7 3.35
-8 3.50
-9 4.06
-10 4.20
-11 4.22
-12 3.97
-13 3.72
-14 3.30
-15 2.97
-16 2.80
-17 2.46
-18 1.98
-19 1.46
-20 0.87
-21 0.97
-22 0.60
-23 0.60
-24 0.28
-25 0.02
-26 -0.05
-27 -0.47
-28 -0.27
-29 -0.38
-30 -0.55
-31 -0.97
-32 -1.26
-33 -1.35
-34 -1.66
-35 -2.00
-36 -2.06
-37 -2.06
-38 -2.17
-39 -2.35
-40 -2.38
-41 -2.43
-42 -2.45
-43 -2.70
-44 -2.83
-45 -2.51
-46 -2.51
-47 -2.51
-48 -2.51
-49 -2.51
-50 -2.51
-51 -2.51
-52 -2.51
-53 -2.51
-54 -2.51
-55 -2.51
-56 -2.51
-57 -2.51
-58 -2.51
-59 -2.51
-60 -2.51
# TX sector 4:
44
-39 -6.97
-40 -6.97
-41 -6.97
-42 -6.97
-43 -6.97
-44 -6.97
-45 -6.97
-46 -6.00
-47 -5.12
-48 -4.38
-49 -3.74
-50 -3.10
-51 -2.76
-52 -2.25
-53 -1.85
-54 -1.50
-55 -1.19
-56 -1.00
-57 -0.77
-58 -0.43
-59 -0.36
-60 -0.10
-61 -0.12
-62 0.07
-63 0.10
-64 0.14
-65 0.39
-66 0.59
-67 1.02
-68 1.29
-69 1.89
-70 2.25
-71 3.02
-72 3.06
-73 3.06
-74 3.06
-75 3.06
-76 3.06
-77 3.06
-78 3.06
-79 3.06
-80 3.06
-81 3.06
-82 3.06
# Medium - Dual swath 1   Mode, Swath, nTX sectors:
3   1   4
# TX sector 1:
48
83 2.67
82 2.67
81 2.67
80 2.67
79 2.67
78 2.67
77 2.67
76 2.67
75 2.67
74 2.67
73 2.67
72 2.67
71 2.17
70 1.54
69 1.18
68 0.73
67 0.52
66 -0.52
65 -0.90
64 -0.86
63 -0.84
62 -1.01
61 -1.28
60 -1.43
59 -1.68
58 -1.79
57 -2.05
56 -2.44
55 -2.55
54 -2.81
53 -3.25
52 -3.81
51 -4.22
50 -4.92
49 -5.33
48 -5.87
47 -6.10
46 -6.22
45 -6.22
44 -6.22
43 -6.22
42 -6.22
41 -6.22
40 -6.22
39 -6.22
38 -6.22
37 -6.22
36 -6.22
# TX sector 2:
70
62 -1.21
61 -1.21
60 -1.21
59 -1.21
58 -1.21
57 -1.21
56 -1.21
55 -1.21
54 -1.21
53 -1.21
52 -1.21
51 -1.21
50 -1.21
49 -1.21
48 -1.21
47 -1.21
46 -1.08
45 -0.99
44 -0.80
43 -1.08
42 -0.73
41 -0.48
40 -0.50
39 -0.54
38 -0.26
37 -0.13
36 -0.01
35 0.08
34 0.18
33 0.37
32 0.23
31 0.43
30 0.95
29 0.85
28 1.17
27 1.08
26 1.50
25 1.55
24 2.06
23 2.06
22 3.03
21 3.00
20 2.72
19 3.26
18 3.65
17 3.42
16 4.54
15 4.68
14 5.20
13 5.82
12 6.45
11 6.74
10 6.60
9 6.92
8 6.25
7 6.63
6 6.63
5 6.63
4 6.63
3 6.63
2 6.63
1 6.63
0 6.63
-1 6.63
-2 6.63
-3 6.63
-4 6.63
-5 6.63
-6 6.63
-7 6.63
# TX sector 3:
70
8 2.22
7 2.22
6 2.22
5 2.22
4 2.22
3 2.22
2 2.22
1 2.22
0 2.22
-1 2.22
-2 2.22
-3 2.22
-4 2.22
-5 2.22
-6 2.22
-7 2.22
-8 3.32
-9 3.71
-10 4.42
-11 3.93
-12 4.26
-13 3.64
-14 3.59
-15 3.12
-16 2.22
-17 2.27
-18 2.22
-19 1.70
-20 1.63
-21 1.11
-22 1.05
-23 1.00
-24 0.83
-25 0.07
-26 -0.02
-27 -0.22
-28 -0.68
-29 -0.58
-30 -0.76
-31 -1.23
-32 -1.41
-33 -1.56
-34 -1.57
-35 -1.89
-36 -2.05
-37 -2.06
-38 -2.49
-39 -2.46
-40 -2.72
-41 -2.82
-42 -2.86
-43 -3.04
-44 -3.11
-45 -2.68
-46 -2.68
-47 -2.68
-48 -2.68
-49 -2.68
-50 -2.68
-51 -2.68
-52 -2.68
-53 -2.68
-54 -2.68
-55 -2.68
-56 -2.68
-57 -2.68
-58 -2.68
-59 -2.68
-60 -2.68
-61 -2.68
# TX sector 4:
44
-39 -7.51
-40 -7.51
-41 -7.51
-42 -7.51
-43 -7.51
-44 -7.51
-45 -7.51
-46 -7.16
-47 -6.49
-48 -6.18
-49 -5.62
-50 -4.98
-51 -4.36
-52 -3.86
-53 -3.40
-54 -3.14
-55 -2.85
-56 -2.67
-57 -2.50
-58 -2.18
-59 -1.88
-60 -1.76
-61 -1.81
-62 -1.50
-63 -1.33
-64 -0.98
-65 -0.71
-66 -0.22
-67 0.21
-68 0.73
-69 1.29
-70 2.22
-71 3.41
-72 3.41
-73 3.41
-74 3.41
-75 3.41
-76 3.41
-77 3.41
-78 3.41
-79 3.41
-80 3.41
-81 3.41
-82 3.41
# Medium - Dual swath 2   Mode, Swath, nTX sectors:
3   2   4
# TX sector 1:
46
81 0.21
80 0.21
79 0.21
78 0.21
77 0.21
76 0.21
75 0.21
74 0.21
73 0.21
72 0.21
71 -0.09
70 -0.23
69 -1.14
68 -1.61
67 -1.61
66 -2.07
65 -2.20
64 -1.87
63 -2.35
62 -2.58
61 -2.66
60 -2.83
59 -2.98
58 -3.13
57 -3.40
56 -3.84
55 -4.40
54 -4.69
53 -4.93
52 -5.67
51 -6.13
50 -6.67
49 -7.48
48 -8.33
47 -8.63
46 -8.63
45 -8.63
44 -8.63
43 -8.63
42 -8.63
41 -8.63
40 -8.63
39 -8.63
38 -8.63
37 -8.63
36 -8.63
# TX sector 2:
70
60 -5.52
59 -5.52
58 -5.52
57 -5.52
56 -5.52
55 -5.52
54 -5.52
53 -5.52
52 -5.52
51 -5.52
50 -5.52
49 -5.52
48 -5.52
47 -5.52
46 -5.36
45 -5.21
44 -5.16
43 -5.07
42 -4.82
41 -4.64
40 -4.54
39 -4.25
38 -4.22
37 -3.91
36 -3.59
35 -3.56
34 -3.40
33 -3.15
32 -2.83
31 -2.50
30 -2.44
29 -2.30
28 -2.09
27 -1.83
26 -1.56
25 -1.58
24 -1.52
23 -1.01
22 -0.54
21 -0.51
20 -0.36
19 -0.19
18 0.52
17 0.66
16 0.90
15 1.26
14 1.89
13 1.96
12 2.31
11 2.33
10 3.19
9 2.54
8 2.06
7 1.74
6 1.74
5 1.74
4 1.74
3 1.74
2 1.74
1 1.74
0 1.74
-1 1.74
-2 1.74
-3 1.74
-4 1.74
-5 1.74
-6 1.74
-7 1.74
-8 1.74
-9 1.74
# TX sector 3:
74
8 0.72
7 0.72
6 0.72
5 0.72
4 0.72
3 0.72
2 0.72
1 0.72
0 0.72
-1 0.72
-2 0.72
-3 0.72
-4 0.72
-5 0.72
-6 0.72
-7 0.72
-8 1.40
-9 1.80
-10 1.44
-11 1.62
-12 1.72
-13 0.98
-14 -0.13
-15 -0.36
-16 -0.98
-17 -0.81
-18 -1.36
-19 -1.43
-20 -1.47
-21 -1.86
-22 -2.35
-23 -2.85
-24 -2.97
-25 -3.79
-26 -3.85
-27 -3.85
-28 -3.99
-29 -4.44
-30 -4.54
-31 -4.96
-32 -5.28
-33 -5.79
-34 -6.09
-35 -6.30
-36 -6.37
-37 -6.43
-38 -6.51
-39 -6.56
-40 -6.83
-41 -6.84
-42 -6.94
-43 -6.96
-44 -7.20
-45 -7.29
-46 -7.29
-47 -7.29
-48 -7.29
-49 -7.29
-50 -7.29
-51 -7.29
-52 -7.29
-53 -7.29
-54 -7.29
-55 -7.29
-56 -7.29
-57 -7.29
-58 -7.29
-59 -7.29
-60 -7.29
-61 -7.29
-62 -7.29
-63 -7.29
-64 -7.29
-65 -7.29
# TX sector 4:
44
-39 -10.65
-40 -10.65
-41 -10.65
-42 -10.65
-43 -10.65
-44 -10.65
-45 -10.65
-46 -9.99
-47 -9.21
-48 -8.49
-49 -7.64
-50 -6.88
-51 -6.21
-52 -5.80
-53 -5.42
-54 -5.04
-55 -4.58
-56 -4.30
-57 -3.89
-58 -3.68
-59 -3.46
-60 -3.39
-61 -3.29
-62 -3.15
-63 -3.01
-64 -2.79
-65 -2.63
-66 -2.63
-67 -2.08
-68 -1.58
-69 -1.62
-70 -0.58
-71 0.01
-72 0.01
-73 0.01
-74 0.01
-75 0.01
-76 0.01
-77 0.01
-78 0.01
-79 0.01
-80 0.01
-81 0.01
-82 0.01
# Deep - single swath   Mode, Swath, nTX sectors:
4   0   8
# TX sector 1:
46
81 1.99
80 1.99
79 1.99
78 1.99
77 1.99
76 1.99
75 1.99
74 1.99
73 1.99
72 1.99
71 1.92
70 1.10
69 0.53
68 -0.04
67 -0.28
66 -0.59
65 -0.78
64 -0.87
63 -0.93
62 -0.97
61 -0.89
60 -1.06
59 -0.86
58 -0.92
57 -1.05
56 -1.32
55 -1.80
54 -2.23
53 -2.45
52 -2.70
51 -2.63
50 -2.63
49 -2.63
48 -2.63
47 -2.63
46 -2.63
45 -2.63
44 -2.63
43 -2.63
42 -2.63
41 -2.63
40 -2.63
39 -2.63
38 -2.63
37 -2.63
36 -2.63
# TX sector 2:
38
61 -1.25
60 -1.25
59 -1.25
58 -1.25
57 -1.25
56 -1.25
55 -1.25
54 -1.25
53 -1.25
52 -1.25
51 -1.25
50 -1.54
49 -1.29
48 -1.23
47 -1.49
46 -1.12
45 -1.44
44 -1.17
43 -1.07
42 -1.19
41 -0.94
40 -1.04
39 -1.01
38 -0.89
37 -1.25
36 -1.10
35 -1.12
34 -1.21
33 -1.21
32 -1.21
31 -1.21
30 -1.21
29 -1.21
28 -1.21
27 -1.21
26 -1.21
25 -1.21
24 -1.21
# TX sector 3:
38
42 1.58
41 1.58
40 1.58
39 1.58
38 1.58
37 1.58
36 1.58
35 1.58
34 1.58
33 1.58
32 1.51
31 1.24
30 1.99
29 2.29
28 2.72
27 2.70
26 3.49
25 2.96
24 2.96
23 3.05
22 3.72
21 3.95
20 3.71
19 3.41
18 3.41
17 3.41
16 3.41
15 3.41
14 3.41
13 3.41
12 3.41
11 3.41
10 3.41
9 3.41
8 3.41
7 3.41
6 3.41
5 3.41
# TX sector 4:
34
26 5.55
25 5.55
24 5.55
23 5.55
22 5.55
21 5.55
20 5.55
19 5.55
18 5.55
17 5.55
16 5.55
15 5.72
14 6.15
13 6.23
12 6.62
11 7.12
10 7.04
9 6.49
8 5.82
7 5.23
6 5.23
5 5.23
4 5.23
3 5.23
2 5.23
1 5.23
0 5.23
-1 5.23
-2 5.23
-3 5.23
-4 5.23
-5 5.23
-6 5.23
-7 5.23
# TX sector 5:
34
6 3.45
5 3.45
4 3.45
3 3.45
2 3.45
1 3.45
0 3.45
-1 3.45
-2 3.45
-3 3.45
-4 3.45
-5 3.45
-6 3.45
-7 3.45
-8 4.74
-9 5.57
-10 5.59
-11 5.65
-12 5.61
-13 5.66
-14 4.98
-15 4.86
-16 4.62
-17 4.62
-18 4.62
-19 4.62
-20 4.62
-21 4.62
-22 4.62
-23 4.62
-24 4.62
-25 4.62
-26 4.62
-27 4.62
# TX sector 6:
38
-6 2.63
-7 2.63
-8 2.63
-9 2.63
-10 2.63
-11 2.63
-12 2.63
-13 2.63
-14 2.63
-15 2.63
-16 2.63
-17 2.63
-18 2.63
-19 2.63
-20 2.64
-21 2.82
-22 2.43
-23 2.69
-24 2.34
-25 2.49
-26 2.21
-27 2.47
-28 2.13
-29 1.86
-30 1.62
-31 1.36
-32 1.12
-33 1.33
-34 1.33
-35 1.33
-36 1.33
-37 1.33
-38 1.33
-39 1.33
-40 1.33
-41 1.33
-42 1.33
-43 1.33
# TX sector 7:
34
-26 -0.82
-27 -0.82
-28 -0.82
-29 -0.82
-30 -0.82
-31 -0.82
-32 -0.82
-33 -0.82
-34 -0.82
-35 -1.11
-36 -0.85
-37 -0.65
-38 -0.65
-39 -0.49
-40 -0.52
-41 -0.36
-42 -0.16
-43 -0.22
-44 -0.24
-45 -0.30
-46 -0.10
-47 -0.09
-48 -0.08
-49 -0.24
-50 0.06
-51 0.38
-52 0.93
-53 1.50
-54 1.50
-55 1.50
-56 1.50
-57 1.50
-58 1.50
-59 1.50
# TX sector 8:
46
-38 -1.71
-39 -1.71
-40 -1.71
-41 -1.71
-42 -1.71
-43 -1.71
-44 -1.71
-45 -1.71
-46 -1.71
-47 -1.71
-48 -1.71
-49 -1.71
-50 -1.71
-51 -1.71
-52 -1.71
-53 -1.65
-54 -1.51
-55 -1.59
-56 -1.25
-57 -0.96
-58 -0.84
-59 -0.56
-60 -0.60
-61 -0.78
-62 -0.64
-63 -0.63
-64 -0.56
-65 -0.38
-66 -0.16
-67 0.24
-68 0.43
-69 0.90
-70 1.66
-71 2.11
-72 2.04
-73 2.04
-74 2.04
-75 2.04
-76 2.04
-77 2.04
-78 2.04
-79 2.04
-80 2.04
-81 2.04
-82 2.04
-83 2.04
# Deep - Dual swath 1   Mode, Swath, nTX sectors:
4   1   8
# TX sector 1:
44
81 1.16
80 1.16
79 1.16
78 1.16
77 1.16
76 1.16
75 1.16
74 1.16
73 1.16
72 1.16
71 0.89
70 0.11
69 -0.20
68 -0.78
67 -1.02
66 -0.93
65 -1.23
64 -1.17
63 -1.31
62 -1.21
61 -1.17
60 -1.38
59 -1.34
58 -1.43
57 -1.65
56 -1.73
55 -2.07
54 -2.46
53 -2.71
52 -2.78
51 -2.48
50 -2.48
49 -2.48
48 -2.48
47 -2.48
46 -2.48
45 -2.48
44 -2.48
43 -2.48
42 -2.48
41 -2.48
40 -2.48
39 -2.48
38 -2.48
# TX sector 2:
36
60 -1.18
59 -1.18
58 -1.18
57 -1.18
56 -1.18
55 -1.18
54 -1.18
53 -1.18
52 -1.18
51 -1.18
50 -1.37
49 -1.07
48 -1.52
47 -1.64
46 -1.54
45 -1.47
44 -1.57
43 -1.42
42 -1.23
41 -1.25
40 -1.29
39 -1.07
38 -0.76
37 -0.88
36 -0.72
35 -0.60
34 -0.45
33 -0.45
32 -0.45
31 -0.45
30 -0.45
29 -0.45
28 -0.45
27 -0.45
26 -0.45
25 -0.45
# TX sector 3:
34
41 -0.41
40 -0.41
39 -0.41
38 -0.41
37 -0.41
36 -0.41
35 -0.41
34 -0.41
33 -0.41
32 -0.33
31 -0.14
30 0.52
29 0.57
28 0.84
27 0.49
26 1.37
25 1.25
24 1.73
23 1.78
22 2.40
21 2.77
20 2.43
19 1.92
18 1.92
17 1.92
16 1.92
15 1.92
14 1.92
13 1.92
12 1.92
11 1.92
10 1.92
9 1.92
8 1.92
# TX sector 4:
32
25 6.58
24 6.58
23 6.58
22 6.58
21 6.58
20 6.58
19 6.58
18 6.58
17 6.58
16 6.58
15 7.02
14 6.74
13 6.96
12 7.74
11 7.59
10 6.97
9 7.24
8 6.60
7 5.47
6 5.47
5 5.47
4 5.47
3 5.47
2 5.47
1 5.47
0 5.47
-1 5.47
-2 5.47
-3 5.47
-4 5.47
-5 5.47
-6 5.47
# TX sector 5:
32
5 3.34
4 3.34
3 3.34
2 3.34
1 3.34
0 3.34
-1 3.34
-2 3.34
-3 3.34
-4 3.34
-5 3.34
-6 3.34
-7 3.34
-8 4.25
-9 4.60
-10 5.31
-11 5.30
-12 5.79
-13 5.55
-14 4.99
-15 4.83
-16 4.50
-17 4.50
-18 4.50
-19 4.50
-20 4.50
-21 4.50
-22 4.50
-23 4.50
-24 4.50
-25 4.50
-26 4.50
# TX sector 6:
34
-9 3.21
-10 3.21
-11 3.21
-12 3.21
-13 3.21
-14 3.21
-15 3.21
-16 3.21
-17 3.21
-18 3.21
-19 3.21
-20 3.01
-21 2.83
-22 2.52
-23 2.57
-24 2.18
-25 1.93
-26 1.96
-27 1.67
-28 1.38
-29 1.20
-30 0.96
-31 0.92
-32 0.20
-33 1.36
-34 1.36
-35 1.36
-36 1.36
-37 1.36
-38 1.36
-39 1.36
-40 1.36
-41 1.36
-42 1.36
# TX sector 7:
34
-26 -0.31
-27 -0.31
-28 -0.31
-29 -0.31
-30 -0.31
-31 -0.31
-32 -0.31
-33 -0.31
-34 -0.31
-35 -0.31
-36 -0.46
-37 -0.50
-38 -0.55
-39 -0.55
-40 -0.57
-41 -0.28
-42 -0.43
-43 -0.36
-44 -0.51
-45 -0.59
-46 -0.20
-47 -0.35
-48 -0.35
-49 -0.05
-50 0.04
-51 0.55
-52 0.86
-53 0.93
-54 0.93
-55 0.93
-56 0.93
-57 0.93
-58 0.93
-59 0.93
# TX sector 8:
46
-38 -2.79
-39 -2.79
-40 -2.79
-41 -2.79
-42 -2.79
-43 -2.79
-44 -2.79
-45 -2.79
-46 -2.79
-47 -2.79
-48 -2.79
-49 -2.79
-50 -2.79
-51 -2.79
-52 -2.79
-53 -2.89
-54 -2.56
-55 -2.40
-56 -2.07
-57 -1.86
-58 -1.54
-59 -1.45
-60 -1.66
-61 -1.52
-62 -1.26
-63 -1.05
-64 -1.34
-65 -1.15
-66 -0.75
-67 -0.62
-68 -0.08
-69 0.67
-70 1.14
-71 1.53
-72 1.53
-73 1.53
-74 1.53
-75 1.53
-76 1.53
-77 1.53
-78 1.53
-79 1.53
-80 1.53
-81 1.53
-82 1.53
-83 1.53
# Deep - Dual swath 2   Mode, Swath, nTX sectors:
4   2   8
# TX sector 1:
44
80 0.18
79 0.18
78 0.18
77 0.18
76 0.18
75 0.18
74 0.18
73 0.18
72 0.18
71 -0.26
70 -0.81
69 -1.50
68 -1.84
67 -2.12
66 -2.12
65 -2.33
64 -2.17
63 -2.34
62 -2.32
61 -2.69
60 -2.71
59 -2.82
58 -3.01
57 -2.92
56 -3.16
55 -3.50
54 -3.95
53 -4.26
52 -4.50
51 -4.77
50 -4.77
49 -4.77
48 -4.77
47 -4.77
46 -4.77
45 -4.77
44 -4.77
43 -4.77
42 -4.77
41 -4.77
40 -4.77
39 -4.77
38 -4.77
37 -4.77
# TX sector 2:
36
60 0.11
59 0.11
58 0.11
57 0.11
56 0.11
55 0.11
54 0.11
53 0.11
52 0.11
51 0.11
50 -0.04
49 -0.12
48 -0.33
47 0.07
46 0.11
45 -0.22
44 -0.17
43 -0.07
42 0.05
41 0.25
40 0.29
39 0.61
38 0.61
37 0.71
36 0.82
35 0.79
34 0.77
33 0.77
32 0.77
31 0.77
30 0.77
29 0.77
28 0.77
27 0.77
26 0.77
25 0.77
# TX sector 3:
34
41 -1.11
40 -1.11
39 -1.11
38 -1.11
37 -1.11
36 -1.11
35 -1.11
34 -1.11
33 -1.11
32 -1.22
31 -0.59
30 -0.50
29 -0.47
28 -0.43
27 -0.04
26 0.48
25 0.63
24 1.09
23 0.96
22 1.20
21 1.76
20 1.47
19 1.25
18 1.25
17 1.25
16 1.25
15 1.25
14 1.25
13 1.25
12 1.25
11 1.25
10 1.25
9 1.25
8 1.25
# TX sector 4:
32
25 5.67
24 5.67
23 5.67
22 5.67
21 5.67
20 5.67
19 5.67
18 5.67
17 5.67
16 5.67
15 5.56
14 6.07
13 6.29
12 5.73
11 6.52
10 6.42
9 6.08
8 5.38
7 4.75
6 4.75
5 4.75
4 4.75
3 4.75
2 4.75
1 4.75
0 4.75
-1 4.75
-2 4.75
-3 4.75
-4 4.75
-5 4.75
-6 4.75
# TX sector 5:
32
5 1.87
4 1.87
3 1.87
2 1.87
1 1.87
0 1.87
-1 1.87
-2 1.87
-3 1.87
-4 1.87
-5 1.87
-6 1.87
-7 1.87
-8 2.51
-9 3.73
-10 4.10
-11 4.17
-12 4.23
-13 4.26
-14 3.71
-15 3.55
-16 4.00
-17 4.00
-18 4.00
-19 4.00
-20 4.00
-21 4.00
-22 4.00
-23 4.00
-24 4.00
-25 4.00
-26 4.00
# TX sector 6:
34
-9 1.88
-10 1.88
-11 1.88
-12 1.88
-13 1.88
-14 1.88
-15 1.88
-16 1.88
-17 1.88
-18 1.88
-19 2.35
-20 2.30
-21 2.07
-22 1.64
-23 1.63
-24 1.85
-25 1.59
-26 1.52
-27 1.48
-28 1.32
-29 0.61
-30 0.38
-31 0.05
-32 -0.12
-33 -0.12
-34 -0.12
-35 -0.12
-36 -0.12
-37 -0.12
-38 -0.12
-39 -0.12
-40 -0.12
-41 -0.12
-42 -0.12
# TX sector 7:
34
-26 -0.39
-27 -0.39
-28 -0.39
-29 -0.39
-30 -0.39
-31 -0.39
-32 -0.39
-33 -0.39
-34 -0.39
-35 -0.66
-36 -1.18
-37 -1.08
-38 -1.12
-39 -0.90
-40 -1.10
-41 -1.13
-42 -0.96
-43 -0.74
-44 -0.89
-45 -0.74
-46 -0.90
-47 -0.93
-48 -1.13
-49 -0.86
-50 -0.56
-51 -0.47
-52 -0.33
-53 0.18
-54 0.18
-55 0.18
-56 0.18
-57 0.18
-58 0.18
-59 0.18
# TX sector 8:
46
-38 -2.40
-39 -2.40
-40 -2.40
-41 -2.40
-42 -2.40
-43 -2.40
-44 -2.40
-45 -2.40
-46 -2.40
-47 -2.40
-48 -2.40
-49 -2.40
-50 -2.40
-51 -2.40
-52 -2.40
-53 -1.72
-54 -1.77
-55 -1.59
-56 -1.33
-57 -1.46
-58 -1.21
-59 -1.02
-60 -0.85
-61 -1.07
-62 -0.99
-63 -0.87
-64 -0.87
-65 -0.56
-66 -0.59
-67 -0.23
-68 0.07
-69 0.42
-70 0.85
-71 1.52
-72 1.52
-73 1.52
-74 1.52
-75 1.52
-76 1.52
-77 1.52
-78 1.52
-79 1.52
-80 1.52
-81 1.52
-82 1.52
-83 1.52
# Deeper - single swath   Mode, Swath, nTX sectors:
5   0   8
# TX sector 1:
46
81 1.69
80 1.69
79 1.69
78 1.69
77 1.69
76 1.69
75 1.69
74 1.69
73 1.69
72 1.69
71 1.40
70 0.85
69 0.20
68 -0.01
67 -0.43
66 -0.60
65 -0.76
64 -0.83
63 -1.01
62 -0.86
61 -1.03
60 -1.04
59 -1.10
58 -1.13
57 -1.23
56 -1.59
55 -1.84
54 -2.23
53 -2.41
52 -2.82
51 -2.83
50 -2.83
49 -2.83
48 -2.83
47 -2.83
46 -2.83
45 -2.83
44 -2.83
43 -2.83
42 -2.83
41 -2.83
40 -2.83
39 -2.83
38 -2.83
37 -2.83
36 -2.83
# TX sector 2:
38
61 -1.31
60 -1.31
59 -1.31
58 -1.31
57 -1.31
56 -1.31
55 -1.31
54 -1.31
53 -1.31
52 -1.31
51 -1.31
50 -1.56
49 -1.65
48 -1.40
47 -1.31
46 -1.54
45 -1.45
44 -1.40
43 -1.51
42 -1.22
41 -1.13
40 -1.27
39 -1.36
38 -1.23
37 -1.32
36 -1.20
35 -0.76
34 -0.54
33 -0.54
32 -0.54
31 -0.54
30 -0.54
29 -0.54
28 -0.54
27 -0.54
26 -0.54
25 -0.54
24 -0.54
# TX sector 3:
38
42 1.56
41 1.56
40 1.56
39 1.56
38 1.56
37 1.56
36 1.56
35 1.56
34 1.56
33 1.56
32 1.84
31 1.40
30 1.80
29 2.15
28 2.36
27 2.83
26 3.09
25 3.26
24 3.31
23 3.11
22 3.54
21 3.65
20 3.78
19 3.13
18 2.90
17 2.90
16 2.90
15 2.90
14 2.90
13 2.90
12 2.90
11 2.90
10 2.90
9 2.90
8 2.90
7 2.90
6 2.90
5 2.90
# TX sector 4:
34
26 5.45
25 5.45
24 5.45
23 5.45
22 5.45
21 5.45
20 5.45
19 5.45
18 5.45
17 5.45
16 5.45
15 6.25
14 6.03
13 6.39
12 6.20
11 6.37
10 6.27
9 6.09
8 5.83
7 5.21
6 5.21
5 5.21
4 5.21
3 5.21
2 5.21
1 5.21
0 5.21
-1 5.21
-2 5.21
-3 5.21
-4 5.21
-5 5.21
-6 5.21
-7 5.21
# TX sector 5:
34
6 3.54
5 3.54
4 3.54
3 3.54
2 3.54
1 3.54
0 3.54
-1 3.54
-2 3.54
-3 3.54
-4 3.54
-5 3.54
-6 3.54
-7 3.54
-8 4.59
-9 4.91
-10 5.57
-11 5.18
-12 5.88
-13 5.34
-14 5.26
-15 4.76
-16 4.64
-17 4.64
-18 4.64
-19 4.64
-20 4.64
-21 4.64
-22 4.64
-23 4.64
-24 4.64
-25 4.64
-26 4.64
-27 4.64
# TX sector 6:
38
-6 2.17
-7 2.17
-8 2.17
-9 2.17
-10 2.17
-11 2.17
-12 2.17
-13 2.17
-14 2.17
-15 2.17
-16 2.17
-17 2.17
-18 2.17
-19 2.67
-20 2.97
-21 3.16
-22 2.55
-23 2.44
-24 2.64
-25 2.30
-26 2.02
-27 2.32
-28 1.61
-29 1.59
-30 1.64
-31 1.82
-32 1.51
-33 0.76
-34 0.76
-35 0.76
-36 0.76
-37 0.76
-38 0.76
-39 0.76
-40 0.76
-41 0.76
-42 0.76
-43 0.76
# TX sector 7:
34
-26 -1.05
-27 -1.05
-28 -1.05
-29 -1.05
-30 -1.05
-31 -1.05
-32 -1.05
-33 -1.05
-34 -1.05
-35 -0.87
-36 -1.23
-37 -1.12
-38 -0.90
-39 -0.96
-40 -0.94
-41 -0.45
-42 -0.35
-43 -0.95
-44 -0.73
-45 -0.72
-46 -0.47
-47 -0.77
-48 -0.53
-49 -0.27
-50 0.01
-51 0.02
-52 0.62
-53 0.94
-54 0.94
-55 0.94
-56 0.94
-57 0.94
-58 0.94
-59 0.94
# TX sector 8:
46
-38 -1.90
-39 -1.90
-40 -1.90
-41 -1.90
-42 -1.90
-43 -1.90
-44 -1.90
-45 -1.90
-46 -1.90
-47 -1.90
-48 -1.90
-49 -1.90
-50 -1.90
-51 -1.90
-52 -1.90
-53 -1.90
-54 -1.65
-55 -1.48
-56 -1.20
-57 -1.04
-58 -1.07
-59 -0.72
-60 -0.69
-61 -0.51
-62 -0.63
-63 -0.80
-64 -0.64
-65 -0.50
-66 -0.29
-67 -0.13
-68 0.32
-69 0.81
-70 1.38
-71 1.91
-72 2.25
-73 2.25
-74 2.25
-75 2.25
-76 2.25
-77 2.25
-78 2.25
-79 2.25
-80 2.25
-81 2.25
-82 2.25
-83 2.25
# Deeper - Dual swath 1   Mode, Swath, nTX sectors:
5   1   8
# TX sector 1:
44
81 1.74
80 1.74
79 1.74
78 1.74
77 1.74
76 1.74
75 1.74
74 1.74
73 1.74
72 1.74
71 0.81
70 0.19
69 -0.32
68 -0.77
67 -0.96
66 -1.05
65 -1.27
64 -1.48
63 -1.34
62 -1.47
61 -1.44
60 -1.24
59 -1.08
58 -1.29
57 -1.43
56 -1.63
55 -2.05
54 -1.96
53 -2.38
52 -2.80
51 -2.31
50 -2.31
49 -2.31
48 -2.31
47 -2.31
46 -2.31
45 -2.31
44 -2.31
43 -2.31
42 -2.31
41 -2.31
40 -2.31
39 -2.31
38 -2.31
# TX sector 2:
36
60 -1.04
59 -1.04
58 -1.04
57 -1.04
56 -1.04
55 -1.04
54 -1.04
53 -1.04
52 -1.04
51 -1.04
50 -0.90
49 -1.17
48 -1.23
47 -1.14
46 -1.32
45 -0.88
44 -0.86
43 -0.41
42 -0.54
41 -0.51
40 -0.19
39 -0.40
38 -0.43
37 -0.48
36 -0.66
35 -0.99
34 -0.83
33 -0.83
32 -0.83
31 -0.83
30 -0.83
29 -0.83
28 -0.83
27 -0.83
26 -0.83
25 -0.83
# TX sector 3:
34
41 -0.09
40 -0.09
39 -0.09
38 -0.09
37 -0.09
36 -0.09
35 -0.09
34 -0.09
33 -0.09
32 0.09
31 0.02
30 0.02
29 0.40
28 0.55
27 0.82
26 1.23
25 1.78
24 1.93
23 1.92
22 2.33
21 2.32
20 2.70
19 2.52
18 2.52
17 2.52
16 2.52
15 2.52
14 2.52
13 2.52
12 2.52
11 2.52
10 2.52
9 2.52
8 2.52
# TX sector 4:
32
25 6.92
24 6.92
23 6.92
22 6.92
21 6.92
20 6.92
19 6.92
18 6.92
17 6.92
16 6.92
15 6.54
14 7.59
13 7.35
12 7.70
11 7.67
10 7.28
9 7.27
8 6.34
7 6.34
6 6.34
5 6.34
4 6.34
3 6.34
2 6.34
1 6.34
0 6.34
-1 6.34
-2 6.34
-3 6.34
-4 6.34
-5 6.34
-6 6.34
# TX sector 5:
32
5 4.41
4 4.41
3 4.41
2 4.41
1 4.41
0 4.41
-1 4.41
-2 4.41
-3 4.41
-4 4.41
-5 4.41
-6 4.41
-7 4.41
-8 4.41
-9 5.18
-10 5.59
-11 5.65
-12 5.51
-13 5.35
-14 5.13
-15 5.53
-16 4.98
-17 4.98
-18 4.98
-19 4.98
-20 4.98
-21 4.98
-22 4.98
-23 4.98
-24 4.98
-25 4.98
-26 4.98
# TX sector 6:
34
-9 3.00
-10 3.00
-11 3.00
-12 3.00
-13 3.00
-14 3.00
-15 3.00
-16 3.00
-17 3.00
-18 3.00
-19 3.02
-20 2.98
-21 2.96
-22 2.48
-23 2.92
-24 2.19
-25 2.30
-26 1.60
-27 1.42
-28 1.58
-29 1.43
-30 1.23
-31 0.39
-32 0.59
-33 0.73
-34 0.73
-35 0.73
-36 0.73
-37 0.73
-38 0.73
-39 0.73
-40 0.73
-41 0.73
-42 0.73
# TX sector 7:
34
-26 -0.43
-27 -0.43
-28 -0.43
-29 -0.43
-30 -0.43
-31 -0.43
-32 -0.43
-33 -0.43
-34 -0.43
-35 -0.16
-36 0.36
-37 0.52
-38 0.32
-39 0.40
-40 0.24
-41 -0.22
-42 -0.38
-43 -0.57
-44 -0.52
-45 -0.36
-46 0.11
-47 -0.10
-48 0.11
-49 0.16
-50 -0.08
-51 0.63
-52 0.79
-53 1.06
-54 1.06
-55 1.06
-56 1.06
-57 1.06
-58 1.06
-59 1.06
# TX sector 8:
46
-38 -2.60
-39 -2.60
-40 -2.60
-41 -2.60
-42 -2.60
-43 -2.60
-44 -2.60
-45 -2.60
-46 -2.60
-47 -2.60
-48 -2.60
-49 -2.60
-50 -2.60
-51 -2.60
-52 -2.60
-53 -2.60
-54 -2.38
-55 -2.16
-56 -1.76
-57 -1.81
-58 -1.84
-59 -1.62
-60 -1.34
-61 -1.16
-62 -1.10
-63 -1.15
-64 -0.91
-65 -0.82
-66 -0.37
-67 -0.36
-68 0.22
-69 0.65
-70 1.19
-71 1.92
-72 1.92
-73 1.92
-74 1.92
-75 1.92
-76 1.92
-77 1.92
-78 1.92
-79 1.92
-80 1.92
-81 1.92
-82 1.92
-83 1.92
# Deeper - Dual swath 2   Mode, Swath, nTX sectors:
5   2   8
# TX sector 1:
44
80 0.65
79 0.65
78 0.65
77 0.65
76 0.65
75 0.65
74 0.65
73 0.65
72 0.65
71 -0.19
70 -1.06
69 -1.47
68 -1.80
67 -2.21
66 -2.23
65 -2.49
64 -2.63
63 -2.55
62 -2.58
61 -2.81
60 -2.69
59 -2.67
58 -2.75
57 -3.01
56 -3.55
55 -3.53
54 -4.02
53 -4.14
52 -4.55
51 -4.52
50 -4.40
49 -4.40
48 -4.40
47 -4.40
46 -4.40
45 -4.40
44 -4.40
43 -4.40
42 -4.40
41 -4.40
40 -4.40
39 -4.40
38 -4.40
37 -4.40
# TX sector 2:
36
60 0.28
59 0.28
58 0.28
57 0.28
56 0.28
55 0.28
54 0.28
53 0.28
52 0.28
51 0.28
50 0.31
49 0.30
48 0.18
47 0.43
46 0.46
45 0.35
44 0.29
43 0.45
42 0.89
41 0.86
40 0.83
39 0.89
38 0.88
37 0.97
36 0.87
35 1.01
34 0.79
33 0.93
32 0.93
31 0.93
30 0.93
29 0.93
28 0.93
27 0.93
26 0.93
25 0.93
# TX sector 3:
34
41 -0.64
40 -0.64
39 -0.64
38 -0.64
37 -0.64
36 -0.64
35 -0.64
34 -0.64
33 -0.64
32 -1.35
31 -0.90
30 -0.81
29 -0.59
28 0.77
27 0.67
26 0.91
25 1.04
24 0.78
23 1.09
22 1.67
21 1.91
20 1.67
19 2.20
18 2.20
17 2.20
16 2.20
15 2.20
14 2.20
13 2.20
12 2.20
11 2.20
10 2.20
9 2.20
8 2.20
# TX sector 4:
32
25 5.44
24 5.44
23 5.44
22 5.44
21 5.44
20 5.44
19 5.44
18 5.44
17 5.44
16 5.44
15 5.57
14 6.17
13 6.83
12 7.22
11 7.52
10 7.38
9 7.03
8 6.31
7 5.59
6 5.59
5 5.59
4 5.59
3 5.59
2 5.59
1 5.59
0 5.59
-1 5.59
-2 5.59
-3 5.59
-4 5.59
-5 5.59
-6 5.59
# TX sector 5:
32
5 1.37
4 1.37
3 1.37
2 1.37
1 1.37
0 1.37
-1 1.37
-2 1.37
-3 1.37
-4 1.37
-5 1.37
-6 1.37
-7 1.37
-8 2.75
-9 3.58
-10 3.99
-11 4.85
-12 4.88
-13 4.51
-14 4.11
-15 3.92
-16 3.41
-17 3.41
-18 3.41
-19 3.41
-20 3.41
-21 3.41
-22 3.41
-23 3.41
-24 3.41
-25 3.41
-26 3.41
# TX sector 6:
34
-9 2.13
-10 2.13
-11 2.13
-12 2.13
-13 2.13
-14 2.13
-15 2.13
-16 2.13
-17 2.13
-18 2.13
-19 2.13
-20 2.40
-21 1.86
-22 2.31
-23 1.62
-24 1.90
-25 1.77
-26 1.71
-27 1.25
-28 1.12
-29 1.01
-30 0.16
-31 0.29
-32 0.40
-33 0.41
-34 0.41
-35 0.41
-36 0.41
-37 0.41
-38 0.41
-39 0.41
-40 0.41
-41 0.41
-42 0.41
# TX sector 7:
34
-26 -1.38
-27 -1.38
-28 -1.38
-29 -1.38
-30 -1.38
-31 -1.38
-32 -1.38
-33 -1.38
-34 -1.38
-35 -1.18
-36 -0.45
-37 -0.66
-38 -0.66
-39 -0.38
-40 -0.59
-41 -0.84
-42 -0.28
-43 -0.96
-44 -0.77
-45 -0.66
-46 -0.29
-47 -0.93
-48 -0.52
-49 -0.53
-50 -0.64
-51 -0.10
-52 0.29
-53 0.10
-54 0.10
-55 0.10
-56 0.10
-57 0.10
-58 0.10
-59 0.10
# TX sector 8:
46
-38 -1.61
-39 -1.61
-40 -1.61
-41 -1.61
-42 -1.61
-43 -1.61
-44 -1.61
-45 -1.61
-46 -1.61
-47 -1.61
-48 -1.61
-49 -1.61
-50 -1.61
-51 -1.61
-52 -1.61
-53 -1.61
-54 -1.60
-55 -1.56
-56 -0.98
-57 -1.19
-58 -1.13
-59 -1.30
-60 -0.88
-61 -0.85
-62 -0.85
-63 -0.69
-64 -0.73
-65 -0.56
-66 -0.34
-67 -0.11
-68 0.18
-69 0.47
-70 1.06
-71 1.66
-72 2.08
-73 2.08
-74 2.08
-75 2.08
-76 2.08
-77 2.08
-78 2.08
-79 2.08
-80 2.08
-81 2.08
-82 2.08
-83 2.08
# Very Deep - single swath   Mode, Swath, nTX sectors:
6   0   6
# TX sector 1:
38
61 -0.39
60 -0.39
59 -0.39
58 -0.39
57 -0.39
56 -0.39
55 -0.39
54 -0.39
53 0.18
52 0.17
51 0.24
50 0.51
49 0.64
48 0.80
47 1.07
46 1.11
45 1.20
44 1.18
43 1.42
42 1.19
41 1.37
40 1.07
39 1.06
38 0.81
37 0.77
36 0.60
35 0.60
34 0.60
33 0.60
32 0.60
31 0.60
30 0.60
29 0.60
28 0.60
27 0.60
26 0.60
25 0.60
24 0.60
# TX sector 2:
32
41 -0.01
40 -0.01
39 -0.01
38 -0.01
37 -0.01
36 -0.01
35 -0.01
34 -0.26
33 -0.27
32 -0.23
31 0.22
30 0.62
29 0.96
28 1.14
27 1.44
26 1.98
25 2.23
24 2.58
23 2.74
22 3.01
21 3.48
20 3.52
19 3.90
18 3.90
17 3.90
16 3.90
15 3.90
14 3.90
13 3.90
12 3.90
11 3.90
10 3.90
# TX sector 3:
28
23 6.56
22 6.56
21 6.56
20 6.56
19 6.56
18 6.16
17 6.19
16 6.34
15 6.59
14 7.02
13 7.56
12 7.85
11 8.07
10 8.31
9 8.10
8 8.23
7 7.89
6 7.89
5 7.89
4 7.89
3 7.89
2 7.89
1 7.89
0 7.89
-1 7.89
-2 7.89
-3 7.89
-4 7.89
# TX sector 4:
28
3 7.28
2 7.28
1 7.28
0 7.28
-1 7.28
-2 7.28
-3 7.28
-4 7.28
-5 7.28
-6 7.28
-7 7.28
-8 7.78
-9 7.83
-10 7.76
-11 7.89
-12 7.63
-13 7.35
-14 7.16
-15 7.13
-16 6.91
-17 6.61
-18 6.93
-19 6.93
-20 6.93
-21 6.93
-22 6.93
-23 6.93
-24 6.93
# TX sector 5:
32
-11 3.98
-12 3.98
-13 3.98
-14 3.98
-15 3.98
-16 3.98
-17 3.98
-18 3.98
-19 3.98
-20 3.82
-21 3.75
-22 3.74
-23 3.63
-24 3.35
-25 3.10
-26 3.16
-27 2.75
-28 2.62
-29 2.38
-30 2.13
-31 1.89
-32 1.66
-33 1.55
-34 1.16
-35 1.28
-36 1.28
-37 1.28
-38 1.28
-39 1.28
-40 1.28
-41 1.28
-42 1.28
# TX sector 6:
36
-26 -0.54
-27 -0.54
-28 -0.54
-29 -0.54
-30 -0.54
-31 -0.54
-32 -0.54
-33 -0.54
-34 -0.54
-35 -0.54
-36 -0.54
-37 -0.42
-38 -0.30
-39 0.10
-40 0.22
-41 0.30
-42 0.45
-43 0.60
-44 0.59
-45 0.39
-46 0.40
-47 0.23
-48 0.19
-49 0.24
-50 0.35
-51 0.20
-52 0.45
-53 0.53
-54 0.36
-55 0.36
-56 0.36
-57 0.36
-58 0.36
-59 0.36
-60 0.36
-61 0.36
# Very Deep - Dual swath 1, not used   Mode, Swath, nTX sectors:
6   1   6
# TX sector 1:
38
61 0.00
60 0.00
59 0.00
58 0.00
57 0.00
56 0.00
55 0.00
54 0.00
53 0.00
52 0.00
51 0.00
50 0.00
49 0.00
48 0.00
47 0.00
46 0.00
45 0.00
44 0.00
43 0.00
42 0.00
41 0.00
40 0.00
39 0.00
38 0.00
37 0.00
36 0.00
35 0.00
34 0.00
33 0.00
32 0.00
31 0.00
30 0.00
29 0.00
28 0.00
27 0.00
26 0.00
25 0.00
24 0.00
# TX sector 2:
32
41 0.00
40 0.00
39 0.00
38 0.00
37 0.00
36 0.00
35 0.00
34 0.00
33 0.00
32 0.00
31 0.00
30 0.00
29 0.00
28 0.00
27 0.00
26 0.00
25 0.00
24 0.00
23 0.00
22 0.00
21 0.00
20 0.00
19 0.00
18 0.00
17 0.00
16 0.00
15 0.00
14 0.00
13 0.00
12 0.00
11 0.00
10 0.00
# TX sector 3:
28
23 0.00
22 0.00
21 0.00
20 0.00
19 0.00
18 0.00
17 0.00
16 0.00
15 0.00
14 0.00
13 0.00
12 0.00
11 0.00
10 0.00
9 0.00
8 0.00
7 0.00
6 0.00
5 0.00
4 0.00
3 0.00
2 0.00
1 0.00
0 0.00
-1 0.00
-2 0.00
-3 0.00
-4 0.00
# TX sector 4:
28
3 0.00
2 0.00
1 0.00
0 0.00
-1 0.00
-2 0.00
-3 0.00
-4 0.00
-5 0.00
-6 0.00
-7 0.00
-8 0.00
-9 0.00
-10 0.00
-11 0.00
-12 0.00
-13 0.00
-14 0.00
-15 0.00
-16 0.00
-17 0.00
-18 0.00
-19 0.00
-20 0.00
-21 0.00
-22 0.00
-23 0.00
-24 0.00
# TX sector 5:
32
-11 0.00
-12 0.00
-13 0.00
-14 0.00
-15 0.00
-16 0.00
-17 0.00
-18 0.00
-19 0.00
-20 0.00
-21 0.00
-22 0.00
-23 0.00
-24 0.00
-25 0.00
-26 0.00
-27 0.00
-28 0.00
-29 0.00
-30 0.00
-31 0.00
-32 0.00
-33 0.00
-34 0.00
-35 0.00
-36 0.00
-37 0.00
-38 0.00
-39 0.00
-40 0.00
-41 0.00
-42 0.00
# TX sector 6:
36
-26 0.00
-27 0.00
-28 0.00
-29 0.00
-30 0.00
-31 0.00
-32 0.00
-33 0.00
-34 0.00
-35 0.00
-36 0.00
-37 0.00
-38 0.00
-39 0.00
-40 0.00
-41 0.00
-42 0.00
-43 0.00
-44 0.00
-45 0.00
-46 0.00
-47 0.00
-48 0.00
-49 0.00
-50 0.00
-51 0.00
-52 0.00
-53 0.00
-54 0.00
-55 0.00
-56 0.00
-57 0.00
-58 0.00
-59 0.00
-60 0.00
-61 0.00
# Very Deep - Dual swath 2, not used   Mode, Swath, nTX sectors:
6   2   6
# TX sector 1:
38
61 0.00
60 0.00
59 0.00
58 0.00
57 0.00
56 0.00
55 0.00
54 0.00
53 0.00
52 0.00
51 0.00
50 0.00
49 0.00
48 0.00
47 0.00
46 0.00
45 0.00
44 0.00
43 0.00
42 0.00
41 0.00
40 0.00
39 0.00
38 0.00
37 0.00
36 0.00
35 0.00
34 0.00
33 0.00
32 0.00
31 0.00
30 0.00
29 0.00
28 0.00
27 0.00
26 0.00
25 0.00
24 0.00
# TX sector 2:
32
41 0.00
40 0.00
39 0.00
38 0.00
37 0.00
36 0.00
35 0.00
34 0.00
33 0.00
32 0.00
31 0.00
30 0.00
29 0.00
28 0.00
27 0.00
26 0.00
25 0.00
24 0.00
23 0.00
22 0.00
21 0.00
20 0.00
19 0.00
18 0.00
17 0.00
16 0.00
15 0.00
14 0.00
13 0.00
12 0.00
11 0.00
10 0.00
# TX sector 3:
28
23 0.00
22 0.00
21 0.00
20 0.00
19 0.00
18 0.00
17 0.00
16 0.00
15 0.00
14 0.00
13 0.00
12 0.00
11 0.00
10 0.00
9 0.00
8 0.00
7 0.00
6 0.00
5 0.00
4 0.00
3 0.00
2 0.00
1 0.00
0 0.00
-1 0.00
-2 0.00
-3 0.00
-4 0.00
# TX sector 4:
28
3 0.00
2 0.00
1 0.00
0 0.00
-1 0.00
-2 0.00
-3 0.00
-4 0.00
-5 0.00
-6 0.00
-7 0.00
-8 0.00
-9 0.00
-10 0.00
-11 0.00
-12 0.00
-13 0.00
-14 0.00
-15 0.00
-16 0.00
-17 0.00
-18 0.00
-19 0.00
-20 0.00
-21 0.00
-22 0.00
-23 0.00
-24 0.00
# TX sector 5:
32
-11 0.00
-12 0.00
-13 0.00
-14 0.00
-15 0.00
-16 0.00
-17 0.00
-18 0.00
-19 0.00
-20 0.00
-21 0.00
-22 0.00
-23 0.00
-24 0.00
-25 0.00
-26 0.00
-27 0.00
-28 0.00
-29 0.00
-30 0.00
-31 0.00
-32 0.00
-33 0.00
-34 0.00
-35 0.00
-36 0.00
-37 0.00
-38 0.00
-39 0.00
-40 0.00
-41 0.00
-42 0.00
# TX sector 6:
36
-26 0.00
-27 0.00
-28 0.00
-29 0.00
-30 0.00
-31 0.00
-32 0.00
-33 0.00
-34 0.00
-35 0.00
-36 0.00
-37 0.00
-38 0.00
-39 0.00
-40 0.00
-41 0.00
-42 0.00
-43 0.00
-44 0.00
-45 0.00
-46 0.00
-47 0.00
-48 0.00
-49 0.00
-50 0.00
-51 0.00
-52 0.00
-53 0.00
-54 0.00
-55 0.00
-56 0.00
-57 0.00
-58 0.00
-59 0.00
-60 0.00
-61 0.00
 
